sepal_length,sepal_width,petal_length,petal_width,species_pred,prob
5.5,2.5,4.0,1.3,versicolor,0.9432624870821893
6.9,3.1,5.1,2.3,virginica,0.9773518924826313
5.1,2.5,3.0,1.1,versicolor,0.9540298499804504
4.4,2.9,,0.2,setosa,0.6224030654176121
5.9,3.0,5.1,1.8,virginica,0.732368746853941
5.5,3.5,1.3,0.2,setosa,0.947310384099112
5.6,,3.6,1.3,versicolor,0.9486625644597096
6.5,3.0,5.2,2.0,virginica,0.962604303242674
5.3,3.7,1.5,0.2,setosa,0.9512253084507258
5.1,3.4,1.5,,setosa,0.7621292652078027
6.1,2.8,4.0,1.3,versicolor,0.9768454928410224
5.5,2.4,3.7,1.0,versicolor,0.9627378302330968
7.7,3.0,6.1,2.3,virginica,0.9729352841996278
6.9,3.1,4.9,1.5,versicolor,0.7228462350708079
6.0,2.2,5.0,1.5,virginica,0.8134717518162993
